10

7.124 0.543 0.218 0.765 0.132 0.456 0.789 0.234 0.678 0.345 0.345
0.876 8.231 0.198 0.543 0.321 0.654 0.123 0.987 0.456 0.789 0.789
0.432 0.765 9.678 0.234 0.567 0.890 0.345 0.678 0.123 0.456 0.456
0.567 0.234 0.890 5.543 0.432 0.765 0.198 0.543 0.876 0.321 0.321
0.789 0.321 0.654 0.876 7.890 0.234 0.567 0.432 0.765 0.198 0.198
0.123 0.987 0.456 0.321 0.654 8.765 0.789 0.876 0.543 0.234 0.234
0.654 0.198 0.765 0.987 0.432 0.876 9.432 0.321 0.678 0.543 0.543
0.321 0.543 0.234 0.678 0.987 0.123 0.456 10.678 0.765 0.890 0.890
0.987 0.876 0.432 0.543 0.321 0.789 0.654 0.876 11.543 0.234 0.234
0.456 0.234 0.678 0.321 0.543 0.987 0.765 0.432 0.654 12.987 0.654